image: 7f.pgm
resolution: 0.100000
origin: [-21.893953, -19.665720, 0.000000]
negate: 0
occupied_thresh: 0.65
free_thresh: 0.196

